PoolBackground,32,-64,0B35B164,0,1,1,4294967295,0,0
Block,0,576,74F2E373,0,25,1,4294967295,0,0
Block,0,0,776E9051,0,1,10,4294967295,0,0
Block,768,0,09FF1452,0,1,10,4294967295,0,0
Block,32,0,290DF5B3,0,14,1,4294967295,0,0
OutsideBlock,-320,512,2265D1CB,0,10,1,4294967295,0,0
OutsideBlock,-320,576,AB66D81E,0,10,1,4294967295,0,0
OutsideBlock,800,512,95544985,0,10,1,4294967295,0,0
OutsideBlock,800,576,762AE7E9,0,10,1,4294967295,0,0
Block,832,544,B2D81EAA,0,1,1,4294967295,0,0
Block,-64,544,59614CEB,0,1,1,4294967295,0,0
Block,32,32,3BC0C3C9,0,5,1,4294967295,0,0
Block,32,64,4902D377,0,4,1,4294967295,0,0
Block,32,96,46C2EF85,0,3,1,4294967295,0,0
Block,32,128,C2843BF4,0,2,1,4294967295,0,0
Block,32,160,7961FE29,0,1,1,4294967295,0,0
Block,608,32,FB177555,0,5,1,4294967295,0,0
Block,640,64,6734A95E,0,4,1,4294967295,0,0
Block,672,96,0FFA61B3,0,3,1,4294967295,0,0
Block,704,128,843D3DE7,0,2,1,4294967295,0,0
Block,736,160,1174122C,0,1,1,4294967295,0,0
Block,608,0,E0400DFE,0,5,1,4294967295,0,0
OutsideBlock,608,-256,CDBF2600,0,1,8,4294967295,0,0
OutsideBlock,448,-256,36298066,0,1,8,4294967295,0,0
Block,608,384,3EFE3F34,0,6,6,4294967295,0,0
Block,0,384,0A7F65D4,0,6,6,4294967295,0,0
OutsideBlock,-272,288,24E49B40,0,8.5,1,4294967295,0,0
OutsideBlock,-272,384,ED611D4F,0,8.5,1,4294967295,0,0
OutsideBlock,800,384,C5F5A2EF,0,8.5,1,4294967295,0,0
OutsideBlock,800,288,3C9261E2,0,8.5,1,4294967295,0,0
PlayerStart,160,352,C7003A8A,0,1,1,4294967295,0,0
PoolWater,-32,400,53BC9B30,0,1,1,4294967295,0,0
